66.54 48.96
73.05 87.30
88.07 55.06
32.88 75.26
72.17 77.74
9.42 13.32
3.85 9.85
57.56 72.05
65.43 92.07
80.79 13.03
33.09 95.20
44.57 4.15
3.28 65.91
47.93 51.77
1.91 74.72
99.24 25.42
22.57 96.48
40.07 76.04
8.13 1.87
39.20 89.67
31.03 98.67
21.33 20.98
5.09 4.20
5.35 4.82
32.27 7.44
11.06 52.09
49.25 79.77
73.17 25.56
21.29 37.48
36.84 9.77
69.25 15.44
25.91 80.60
86.32 29.05
37.60 99.41
95.18 77.71
26.30 79.28
96.75 27.62
7.91 57.36
42.60 81.63
18.15 99.68
39.86 98.56
59.49 8.53
33.39 48.10
56.21 67.04
48.84 24.68
72.65 58.40
67.68 77.23
61.47 35.14
15.80 17.47
60.90 39.47
73.62 6.57
6.39 76.15
20.51 42.24
73.98 61.85
24.71 81.82
48.52 86.98
24.81 89.60
4.54 25.95
11.97 54.03
46.92 11.87
8.48 73.57
43.72 20.01
49.40 18.73
22.63 40.04
89.41 65.83
59.70 56.13
58.72 88.98
26.86 74.64
96.10 49.03
83.66 15.79
48.61 78.04
10.59 34.77
84.47 5.06
45.13 78.91
16.13 40.63
91.19 94.05
6.15 44.25
34.99 32.76
27.30 46.45
85.23 11.40
63.55 24.24
33.58 22.27
85.73 43.14
8.13 49.06
63.28 87.56
95.10 51.18
22.71 94.74
43.57 2.56
1.02 59.64
59.79 30.14
87.33 12.93
59.73 28.60
97.82 39.38
92.20 75.69
20.10 11.73
15.34 43.90
98.35 99.14
99.47 69.39
77.70 34.11
25.50 58.32
7.37 15.96
16.24 31.69
38.26 1.82
36.40 40.36
97.36 92.29
14.42 85.89
24.68 87.96
6.97 99.01
22.92 34.39
8.16 31.77
6.94 38.38
37.35 69.65
68.50 69.91
95.25 79.96
64.26 64.55
63.94 40.87
92.15 13.58
43.10 49.61
84.97 57.35
0.00 8.33
53.94 84.03
6.95 83.05
38.49 13.40
23.98 14.38
84.74 82.15
63.75 32.55
5.86 44.36
71.33 55.18
84.30 19.39
18.07 35.53
32.23 3.94
47.56 13.22
99.40 86.77
10.62 14.45
55.39 37.87
58.95 93.97
72.87 73.62
14.79 38.63
64.33 63.68
68.27 5.38
7.37 96.76
14.98 71.22
98.67 5.60
38.46 57.17
96.92 50.49
84.97 38.55
58.88 5.02
95.66 32.65
99.79 58.51
50.14 90.87
61.69 15.73
55.17 57.01
43.02 88.77
92.81 33.90
13.74 35.97
18.41 7.66
34.33 59.36
17.98 26.54
72.36 26.49
44.36 9.45
17.15 35.54
39.92 65.84
82.74 1.89
64.96 63.75
86.37 83.51
52.48 86.46
31.36 58.12
44.32 27.21
10.96 82.41
82.08 17.54
99.34 21.53
7.90 25.92
57.18 59.89
11.35 47.80
24.50 30.80
22.58 49.53
95.76 78.67
87.65 98.43
46.07 62.51
69.58 13.10
28.23 30.76
29.23 59.56
99.69 87.51
49.94 64.49
75.84 95.52
62.59 89.30
62.92 97.30
73.32 37.38
13.54 10.32
83.91 43.89
92.29 86.83
21.17 51.92
25.65 27.21
69.88 75.83
2.79 36.88
7.04 94.88
72.12 5.15
74.87 48.00
43.37 16.04
69.20 65.15
85.97 6.56
4.12 25.21
19.36 0.54
6.07 47.46
65.01 57.06
70.28 40.87
12.05 38.51
55.03 23.74
28.86 25.89
63.88 77.83
94.92 59.53
42.88 9.60
96.27 52.55
17.48 7.99
32.46 65.04
67.84 47.54
43.12 10.81
37.91 41.43
3.74 12.31
56.96 56.48
45.49 39.45
27.08 91.56
7.74 58.46
33.11 43.22
48.44 49.73
62.00 82.09
15.08 9.77
26.09 53.22
27.32 79.09
49.50 2.82
34.14 31.50
64.14 19.22
72.22 72.16
60.16 46.04
12.17 47.36
81.44 48.71
10.77 8.60
46.48 56.75
87.58 21.97
24.71 70.25
72.61 48.34
79.38 81.89
38.60 95.24
83.71 2.80
56.45 62.58
39.72 94.42
18.61 28.39
95.27 0.17
26.17 93.64
8.15 90.39
11.04 16.16
84.58 25.85
85.12 41.71
68.85 7.80
24.70 47.82
30.77 2.10
71.26 79.03
98.96 72.86
27.27 37.28
32.99 89.92
80.90 83.15
89.86 89.58
86.68 66.82
9.94 6.13
87.50 91.87
68.79 5.02
91.23 64.17
75.46 2.68
49.45 7.64
59.39 28.73
38.78 61.65
43.20 33.84
43.56 86.88
26.85 37.03
5.95 14.64
23.36 0.45
40.98 19.01
49.10 97.41
81.84 30.01
51.52 71.20
56.16 54.60
86.47 31.57
27.99 57.41
37.60 55.37
81.34 36.63
72.99 92.72
47.43 26.93
41.00 78.50
32.60 0.49
47.35 35.80
0.59 44.58
11.24 41.46
65.16 19.54
44.59 21.06
85.73 32.81
64.16 95.06
15.84 34.35
3.78 39.48
42.14 25.30
16.28 1.11
47.14 35.24
89.63 85.06
81.76 8.16
56.65 81.88
0.97 51.39
39.01 39.89
54.26 8.30
57.27 38.80
6.14 38.71
82.91 87.55
25.50 2.46
84.95 80.65
17.04 11.14
93.21 16.67
96.59 76.46
50.69 52.70
26.53 7.37
62.88 61.08
33.28 19.40
45.34 76.40
93.36 2.50
64.52 4.94
76.89 49.67
41.84 44.93
45.04 59.51
91.48 89.49
62.55 37.39
90.88 84.55
21.15 1.13
33.60 13.36
69.52 65.31
57.77 63.00
43.25 6.68
42.22 0.91
73.95 11.54
68.72 18.80
63.43 91.40
65.37 89.76
42.83 8.19
23.23 14.18
95.83 72.88
4.10 17.14
18.47 1.08
89.25 27.98
56.05 72.98
37.75 54.74
54.48 93.31
5.33 44.54
48.08 57.06
28.31 97.68
15.71 29.14
78.07 53.93
6.29 79.06
88.43 99.17
21.70 26.96
51.70 53.56
59.82 86.97
7.62 51.35
48.06 34.25
67.94 33.99
0.46 20.91
51.60 2.96
3.26 88.52
88.63 61.90
34.41 35.93
71.05 76.87
47.87 60.79
84.78 99.54
37.66 39.34
26.22 31.58
14.85 27.62
69.09 75.26
80.28 26.68
11.03 85.71
26.38 74.48
94.02 27.61
34.24 85.72
82.38 46.16
34.55 54.30
14.98 70.03
57.17 53.25
73.00 90.36
41.57 83.25
2.53 48.96
4.28 43.83
74.49 12.29
46.55 54.47
66.97 65.85
77.45 66.56
20.85 1.39
10.02 74.64
2.91 66.57
56.88 5.06
17.50 64.64
9.28 1.77
47.94 35.07
49.88 70.60
90.42 1.39
11.02 80.13
6.85 10.31
6.07 30.06
61.85 11.98
0.28 77.56
71.18 31.16
83.96 13.48
98.26 36.27
63.59 32.86
6.53 42.24
18.47 73.53
5.02 36.77
96.21 72.43
63.46 52.98
48.65 66.17
32.81 91.21
59.61 51.40
67.46 38.65
50.67 37.87
48.25 35.04
56.78 74.56
9.50 82.39
21.36 42.01
88.52 98.03
26.97 96.06
72.13 96.28
6.34 29.66
81.56 26.12
42.96 87.35
28.05 1.22
19.53 99.76
62.12 54.20
35.55 95.55
30.80 92.98
56.90 39.82
19.85 17.44
65.78 53.72
5.40 81.62
85.17 90.69
65.38 78.65
68.03 83.72
69.09 80.96
69.53 25.50
83.06 98.47
28.98 59.82
18.11 79.91
99.91 73.27
45.40 71.26
85.04 95.61
9.24 48.03
28.04 7.40
88.29 22.61
52.18 25.39
68.54 6.32
91.34 80.87
28.83 80.21
56.90 32.02
80.97 36.56
83.89 0.09
54.01 16.93
99.75 9.12
94.72 76.45
89.19 29.02
88.31 65.30
60.84 52.88
56.52 7.23
89.19 65.94
8.03 7.38
65.38 5.86
36.63 61.32
43.86 76.52
13.97 38.72
27.08 27.28
82.21 96.80
50.75 37.38
57.85 38.06
0.65 57.63
86.42 37.91
0.96 14.77
38.53 9.50
79.48 9.38
3.17 12.11
84.46 52.13
23.08 73.17
53.79 19.38
59.53 58.21
38.32 57.79
27.48 95.92
38.49 99.08
9.42 96.04
35.18 43.19
12.31 64.15
88.40 27.61
74.77 84.19
73.01 10.96
85.44 77.11
49.29 90.07
56.71 80.32
77.35 22.83
39.24 11.14
26.03 23.98
40.54 92.11
80.40 54.29
13.02 96.28
68.62 89.28
98.36 31.43
90.90 20.18
15.93 44.82
17.13 42.97
84.99 61.98
62.15 22.86
40.91 77.96
75.36 92.56
31.74 58.70
17.73 15.81
5.09 21.70
64.02 99.78
89.75 39.08
15.53 10.78
51.68 83.54
63.08 66.91
45.44 16.14
49.10 17.08
11.64 12.55
21.35 33.49
59.16 48.46
34.67 81.15
85.47 44.95
92.12 16.15
21.43 15.37
10.31 87.64
8.01 71.23
40.89 51.95
88.15 25.46
41.75 96.78
65.82 72.29
59.06 67.74
19.56 59.40
21.02 96.81
3.14 83.07
38.76 23.02
3.27 53.37
2.93 71.98
92.39 31.31
53.14 5.25
30.28 43.05
7.67 9.94
16.14 34.89
64.74 19.63
25.88 45.11
58.15 46.18
21.48 49.31
64.96 74.33
58.72 94.46
28.03 26.93
5.23 17.82
66.03 8.79
94.40 73.37
58.21 31.12
6.39 12.29
12.34 17.96
88.44 56.89
85.66 62.00
75.47 23.23
34.06 64.47
97.23 68.08
83.97 34.36
98.49 50.96
39.27 17.35
68.54 8.29
60.66 88.45
12.53 3.51
43.71 16.33
60.11 75.06
83.03 56.10
67.08 35.02
20.17 28.17
38.58 60.33
8.33 90.14
11.92 99.75
7.41 32.05
38.35 80.46
22.44 47.76
36.56 34.28
52.07 71.81
76.33 11.47
31.72 43.98
68.11 39.27
90.36 10.00
31.95 74.04
76.56 8.19
18.28 89.20
66.15 35.14
84.58 89.03
28.19 72.45
75.92 39.28
42.06 21.42
8.94 31.05
73.90 8.41
72.77 56.26
3.77 34.33
8.41 48.81
46.32 75.67
5.05 15.09
30.37 46.62
55.30 26.54
90.43 99.65
87.54 19.77
61.15 86.57
26.59 51.38
2.91 22.46
69.54 92.25
39.72 87.25
93.97 12.78
37.63 85.12
95.31 77.95
0.25 79.02
74.29 47.07
66.42 79.63
60.63 12.14
61.27 56.49
48.03 39.01
2.12 88.83
79.00 12.38
74.76 52.36
49.95 19.90
92.86 64.02
31.07 91.94
39.57 24.33
89.27 18.65
95.23 49.86
92.76 43.76
54.59 59.93
39.20 5.70
36.35 98.49
0.94 65.58
4.95 62.80
93.89 47.52
54.60 63.78
64.17 89.03
36.71 51.19
60.32 73.00
19.30 28.33
37.61 26.08
13.20 43.75
9.41 75.99
20.24 84.32
96.06 26.28
88.25 27.31
61.88 72.54
27.41 95.27
17.81 87.84
13.21 91.59
47.97 91.31
2.43 82.01
5.19 25.05
4.30 47.79
43.60 58.20
75.22 80.17
68.86 48.63
89.40 15.19
91.03 27.79
12.08 55.76
69.40 72.00
11.09 23.84
43.26 5.11
38.86 80.75
99.97 97.14
12.82 40.04
42.67 47.66
13.99 36.31
76.44 47.77
95.45 58.16
58.47 67.23
37.18 85.10
75.74 67.49
52.42 71.25
28.10 68.04
0.10 82.54
89.98 31.18
76.81 6.22
34.96 54.69
33.84 23.52
61.49 95.07
6.95 66.14
27.65 15.08
20.59 5.93
43.50 75.76
72.12 16.07
1.16 58.51
59.31 56.36
81.07 0.33
5.01 20.19
50.48 64.09
76.82 38.72
49.14 72.77
82.47 80.01
4.67 38.49
72.94 12.69
67.09 27.12
29.12 93.32
24.43 68.99
67.40 2.33
52.33 99.88
32.44 56.52
24.06 80.40
33.69 9.34
99.24 42.50
46.34 51.14
94.29 5.70
36.57 69.45
37.44 32.30
85.38 57.27
80.65 69.62
30.45 15.72
44.40 10.02
24.72 9.65
26.20 79.68
60.24 85.11
36.53 45.44
45.66 82.75
0.40 99.10
12.55 98.30
48.04 31.66
10.90 61.04
79.21 43.83
71.82 58.83
57.72 25.43
47.95 3.50
25.73 71.10
91.19 2.21
59.26 75.29
60.37 19.54
77.66 64.19
3.17 37.27
19.57 75.80
52.96 98.44
37.58 85.32
84.34 32.55
0.43 90.93
99.26 80.69
7.76 70.19
65.50 30.56
60.14 70.90
58.84 86.86
61.25 47.14
57.77 64.07
64.88 60.40
52.83 53.04
92.74 83.93
68.36 7.79
56.82 43.82
64.62 47.47
37.29 46.18
64.72 27.49
33.11 83.02
61.10 56.53
52.79 61.87
57.23 45.26
78.91 91.32
51.82 61.70
7.55 22.49
60.59 46.25
62.17 17.07
67.12 27.13
27.17 76.34
48.77 61.87
69.85 68.66
10.12 18.04
98.57 13.95
15.67 11.56
71.49 22.90
9.71 59.38
66.77 41.93
96.75 83.37
53.05 78.32
78.75 6.35
35.83 26.62
36.89 98.63
47.30 90.72
21.16 64.04
5.09 90.81
82.45 54.75
20.13 98.63
36.32 17.99
89.86 45.78
11.46 93.69
15.77 52.08
73.52 10.34
17.86 81.21
66.12 22.23
70.34 55.89
79.96 70.26
23.87 3.15
3.93 66.67
84.42 65.05
2.10 32.06
12.95 52.92
36.26 46.79
72.45 66.24
6.71 37.05
41.94 15.27
85.78 42.68
80.68 25.40
84.50 22.83
75.28 93.62
56.24 27.24
12.53 21.13
76.18 30.82
91.53 15.89
87.64 91.72
32.96 91.84
65.55 21.37
0.93 36.44
66.08 50.94
38.26 61.85
91.88 50.69
89.98 69.32
43.64 12.83
74.28 89.83
90.79 36.72
34.36 56.36
20.53 0.24
22.99 36.36
56.17 39.67
72.81 16.71
20.12 93.77
22.69 19.36
73.21 88.23
47.31 17.72
83.57 0.28
25.74 86.53
12.75 21.06
81.61 89.34
50.06 70.43
19.85 26.90
53.18 36.52
81.77 2.67
42.50 24.68
76.62 66.29
30.90 53.28
13.54 52.57
87.79 91.67
60.70 35.41
3.95 87.76
15.98 61.55
36.97 56.38
63.21 45.42
84.96 84.56
25.16 54.29
39.65 47.77
61.01 1.11
52.12 22.42
58.14 48.48
40.10 39.40
38.02 40.85
56.19 69.24
76.01 6.71
75.54 72.73
41.13 7.65
97.48 71.28
32.12 71.35
15.52 67.02
18.90 75.59
24.76 99.04
1.60 3.93
1.40 88.45
14.61 50.71
60.70 24.48
62.68 77.97
83.25 45.92
64.89 90.62
20.48 21.26
51.98 6.45
16.97 39.33
23.20 17.36
54.36 35.15
12.21 43.39
34.43 11.93
95.53 79.45
49.15 93.38
69.72 67.93
80.56 84.54
83.82 37.68
94.95 47.59
59.04 53.49
96.53 7.85
60.54 62.59
28.08 71.16
86.67 39.67
21.68 82.14
30.13 80.64
66.44 54.25
59.25 53.32
0.55 33.33
93.11 28.05
54.04 87.19
98.67 84.45
66.62 95.25
81.75 89.09
88.59 70.69
77.07 72.39
88.64 41.85
66.15 81.24
23.02 56.88
3.91 54.38
47.64 27.40
93.40 9.81
46.79 61.62
44.78 84.95
14.50 4.35
17.74 78.08
77.55 14.96
46.78 49.28
29.03 55.51
29.29 16.74
63.25 12.38
99.98 61.62
70.07 42.75
43.44 79.63
5.14 38.91
22.76 64.80
91.20 2.84
27.84 70.72
5.14 24.61
10.41 54.01
25.24 61.67
24.57 15.83
54.24 4.76
1.05 18.28
54.53 65.03
30.97 96.65
75.58 72.88
44.10 3.58
78.98 17.50
22.36 93.75
17.16 39.30
97.96 67.13
68.97 62.53
61.46 96.76
55.52 77.18
78.21 53.21
67.37 5.24
47.77 52.17
72.56 98.11
72.37 26.58
93.09 96.92
75.36 32.29
14.89 59.55
79.18 69.02
7.96 31.81
63.89 93.18
77.63 69.25
63.85 62.63
56.86 66.75
12.98 42.04
6.05 83.79
85.21 57.95
98.33 80.06
49.51 58.86
89.79 97.05
30.78 22.95
3.97 88.60
2.33 88.46
48.82 72.49
18.86 83.41
44.12 8.34
61.32 30.31
61.11 26.47
47.11 92.81
90.58 90.86
65.63 84.17
36.92 83.85
69.04 82.36
62.46 92.91
35.42 82.30
37.72 7.55
65.96 55.01
54.07 70.37
61.48 1.57
68.94 67.34
77.26 69.05
66.08 88.95
38.10 9.50
90.96 73.55
90.54 61.38
98.07 42.74
29.70 23.42
62.28 9.93
65.18 29.98
95.66 12.49
63.73 88.70
54.84 5.16
41.52 7.15
78.30 41.12
60.39 24.54
93.00 32.80
81.61 43.74
18.31 48.36
73.63 40.00
21.92 88.62
26.25 67.95